%YAML:1.0
---
ExternalTriggers:
  channel_id: 0

CameraMatrix:
  data: [ 1.6689663920765111e+03, 0.0, 6.1965493062184646e+02,
            0.0, 1.6689663920765111e+03, 3.8487737284451953e+02, 0.0,
            0.0, 1.0 ]

DistCoeff:
  len: 5
  data: [ -7.8525087569167970e-02, 3.4157402927556862e-01,
            -5.3501408725987109e-04, 1.1471839465759782e-03, 0.0 ]
